radix 1111 1111 1 1
vname data_[7:0] start_ valid_
io   i i i i   i i i i  i i
tunit ps
tdelay '(tper-ts/2)/1e+12'
slope 'ts*1e+12'
vih 'pwsp'
vil 0
period 'tper*1e+12'


0	1	0	0	0	0	0	1		0	0
1	0	0	1	0	1	1	1		1	0	

; 2^13 - 1 = 8191 = (2^8 - 1) * 32 + 31
; 31 = 0001 1111
0	0	0	1	1	1	1	1		0	1
1	1	1	1	1	1	1	1    	0	1
1	1	1	1	1	1	1	1		0	1

1	1	1	1	1	1	1	1		0	1
1	1	1	1	1	1	1	1		0	1
1	1	1	1	1	1	1	1		0	1
1	1	1	1	1	1	1	1		0	1
1	1	1	1	1	1	1	1		0	1
1	1	1	1	1	1	1	1		0	1
1	1	1	1	1	1	1	1		0	1
1	1	1	1	1	1	1	1		0	1
1	1	1	1	1	1	1	1		0	1
1	1	1	1	1	1	1	1		0	1

1	1	1	1	1	1	1	1		0	1
1	1	1	1	1	1	1	1		0	1
1	1	1	1	1	1	0	0		0	1
0	0	0	0	0	0	1	0		0	1
1	1	1	1	1	1	1	1		0	1
0	0	0	0	0	0	0	1		0	1
1	1	1	1	1	1	1	1		0	1
1	1	1	1	1	1	1	1		0	1
1	1	1	1	1	1	1	1		0	1
1	1	1	1	1	1	1	1		0	1
1	1	1	1	1	1	1	1		0	1
1	1	1	1	1	1	1	1		0	1

1	1	1	1	1	1	1	1		0	1
1	1	1	1	1	1	1	1		0	1
1	1	1	1	1	1	1	1		0	1
1	1	1	1	1	1	1	1		0	1
1	1	1	1	1	1	1	1		0	1
1	1	1	1	1	1	1	1		0	1
1	1	1	1	1	1	1	1		0	1
1	1	1	1	1	1	1	1		0	1
1	1	1	1	1	1	1	1		0	1
1	1	1	1	1	1	1	1		0	1

0	0	0	0	0	0	0	1		0	1
0	0	0	0	0	0	0	1		0	1
0	0	0	0	0	0	0	1		0	1
0	0	0	0	0	0	0	0		0	0
1	1	1	1	1	1	1	1		0	0
1	1	1	1	1	1	1	1		0	0
1	1	1	1	1	1	1	1		0	0
1	1	1	1	1	1	1	1		0	0


